153 30
afiliacion -0.17668436 0.18736923 0.399736 -0.27359697 -0.020336868 0.2877814 -0.14937821 0.2801763 0.082722 -0.26986867 0.17923516 -0.36398336 0.14167204 -0.515818 -0.26472628 0.25468716 -0.01160153 0.5656544 -0.06306058 0.60589266 -0.040448565 -0.33601576 0.20401339 -0.30852315 0.23231381 -0.5318681 0.07168829 -0.20391236 0.3216378 0.59022444
subsidio -0.19686697 0.19059773 0.4049636 -0.26396072 0.0015942573 0.28670558 -0.13584985 0.2959338 0.06339065 -0.2589837 0.18343273 -0.3769456 0.15095656 -0.53203744 -0.2729857 0.26220962 -0.0094359 0.61565524 -0.06732466 0.59655666 -0.067502044 -0.3307153 0.22923343 -0.30944857 0.24332114 -0.5441633 0.05536118 -0.20064402 0.32779834 0.61078966
compensacion -0.18783477 0.19143423 0.40700808 -0.27759403 0.005021836 0.3015047 -0.13790984 0.31380773 0.07068094 -0.2641479 0.1983138 -0.37708935 0.14438899 -0.5310793 -0.26380953 0.25254205 -0.013974774 0.62154627 -0.084255 0.61602336 -0.049458552 -0.35692546 0.22088309 -0.31894034 0.25541076 -0.55846834 0.08284262 -0.20833245 0.32778272 0.6050303
necesito -0.20045508 0.18487999 0.4458434 -0.29239002 0.008979107 0.31124905 -0.1551176 0.32652894 0.07834038 -0.28182793 0.18255061 -0.38505435 0.14184478 -0.5609454 -0.27737793 0.2822052 -0.0045632357 0.62531275 -0.059119273 0.6335036 -0.052291114 -0.34941614 0.23391761 -0.3217453 0.24659319 -0.569069 0.08876769 -0.21576558 0.31158793 0.6173116
usuario -0.19397284 0.19905694 0.43837705 -0.27240062 -0.0112774 0.29970214 -0.15132733 0.31143004 0.08434154 -0.2740301 0.16755854 -0.36952797 0.1414842 -0.5533003 -0.2647857 0.2759884 -0.012888478 0.59767866 -0.051665075 0.6324454 -0.06698794 -0.3603658 0.21598345 -0.2950069 0.26776007 -0.56819916 0.063607305 -0.19849405 0.3297379 0.6087617
familiar -0.18771394 0.16848789 0.4126512 -0.2663117 -0.018264558 0.26981518 -0.13063578 0.295044 0.07219764 -0.23531923 0.18325357 -0.3609992 0.14460367 -0.4948772 -0.24986835 0.23701593 -0.022838283 0.5862413 -0.07603177 0.5790381 -0.060048185 -0.33309546 0.21142757 -0.29337204 0.24949539 -0.52210504 0.06356397 -0.1945011 0.3112506 0.56754625
documento -0.18379648 0.16421527 0.39591518 -0.284631 -0.005318819 0.29184306 -0.14986031 0.31142905 0.07778844 -0.27012107 0.18334252 -0.34214464 0.14284325 -0.5086459 -0.26386356 0.2524767 -0.0026340624 0.59787726 -0.07331524 0.60878843 -0.07157904 -0.35222363 0.20027243 -0.29429412 0.25225124 -0.5567964 0.053467143 -0.19619691 0.29782298 0.6060415
certificado -0.20832923 0.17493583 0.4251627 -0.27984646 0.0046243994 0.28325403 -0.14057657 0.2955265 0.083280176 -0.24709849 0.17479853 -0.34383836 0.13727236 -0.5376914 -0.258929 0.26895615 0.00045380928 0.59218335 -0.06486495 0.6122903 -0.04462799 -0.3493084 0.20422906 -0.3037891 0.25322598 -0.55555826 0.08325981 -0.20949297 0.30885738 0.6156478
pagina -0.19264139 0.18943463 0.39873394 -0.26929873 0.010647719 0.29173592 -0.13892004 0.2932367 0.06484722 -0.23819609 0.17547792 -0.35534135 0.1364919 -0.49446103 -0.23718026 0.2617046 -0.027880505 0.5847742 -0.06241323 0.59550947 -0.061972383 -0.31646264 0.19101217 -0.28906092 0.24472444 -0.5408348 0.0835185 -0.18922077 0.28322533 0.5775382
tarjeta -0.1800336 0.16299336 0.3975731 -0.28065896 -0.01147151 0.30082172 -0.13712743 0.30434296 0.07913357 -0.26549795 0.16692105 -0.36953518 0.14599623 -0.5330299 -0.25258085 0.2653183 -0.009831889 0.58842033 -0.08520815 0.5934119 -0.06680332 -0.34743384 0.21355757 -0.28029865 0.23961578 -0.53006166 0.07061901 -0.20544545 0.31168202 0.57674485
informacion -0.20343015 0.17604388 0.4022652 -0.26288685 -0.0031438826 0.2892335 -0.16225459 0.31639424 0.07349698 -0.27590102 0.17427683 -0.3739367 0.12196545 -0.5405429 -0.27701974 0.24431658 -0.0070903315 0.59482044 -0.08328028 0.6201124 -0.070150234 -0.3362114 0.22013032 -0.29754695 0.26408568 -0.55319625 0.075552166 -0.19860743 0.31060034 0.60511416
empleado -0.1799091 0.18769258 0.4279209 -0.26668823 0.009863485 0.2857352 -0.16508213 0.2940561 0.07702433 -0.25016275 0.16930912 -0.34700152 0.12391272 -0.53540605 -0.27735427 0.26607415 0.0014014053 0.5865568 -0.060128413 0.61257946 -0.052331258 -0.3524184 0.2172893 -0.2956186 0.23525372 -0.54336435 0.0547204 -0.20995387 0.31420392 0.61104316
hijos -0.17093202 0.17814043 0.39354193 -0.27048665 -0.016120564 0.29457998 -0.12894821 0.3088375 0.067899995 -0.2454475 0.18934073 -0.3633116 0.11597235 -0.49972072 -0.26346675 0.2392462 -0.024803659 0.5881357 -0.07372204 0.587516 -0.04540632 -0.34073052 0.21149191 -0.30715737 0.24100566 -0.5238184 0.06510434 -0.19188772 0.29951444 0.56926966
datos -0.19594038 0.19200584 0.4116573 -0.26261017 -0.01688109 0.30491513 -0.16830808 0.313104 0.08287512 -0.2763493 0.19078806 -0.36345306 0.14400567 -0.54582554 -0.27988318 0.26433292 -0.027006116 0.60092854 -0.06348066 0.6172885 -0.053986046 -0.34026575 0.22917545 -0.31848335 0.25612932 -0.54452 0.07287724 -0.21123837 0.32153124 0.61650634
proceso -0.20931415 0.20192741 0.43131202 -0.29145774 -0.017832233 0.28320146 -0.14179048 0.32077855 0.08144929 -0.27600858 0.1660164 -0.37309164 0.15248188 -0.5307937 -0.2606564 0.28010267 -0.013981179 0.6066137 -0.07913056 0.63168323 -0.05967368 -0.3587128 0.21502577 -0.31813526 0.24310704 -0.55665857 0.06827032 -0.21882126 0.31225136 0.5962183
enviar -0.18566397 0.18297961 0.41678414 -0.28358573 -0.00085258024 0.29300082 -0.13801087 0.29487684 0.064968824 -0.24690333 0.18386962 -0.34993964 0.14935893 -0.5159703 -0.28091806 0.27381438 -0.015550221 0.5939836 -0.068776704 0.609673 -0.053420592 -0.35532644 0.21427988 -0.28631446 0.2597017 -0.55408823 0.06574253 -0.21718365 0.31557074 0.61714244
encuentro -0.19203049 0.17871557 0.39401135 -0.26220033 0.0013774331 0.26625964 -0.15033306 0.29183426 0.08115383 -0.24771126 0.16880652 -0.3319247 0.124222465 -0.5093708 -0.24614833 0.24897107 -0.008942036 0.5429924 -0.050933372 0.57177776 -0.057754952 -0.31460202 0.18777479 -0.2863893 0.2419642 -0.5305938 0.053342104 -0.19896255 0.2890531 0.564443
opcion -0.19037618 0.17291255 0.41302633 -0.2682467 -0.014141079 0.26740393 -0.16012207 0.29172426 0.06972318 -0.24595538 0.17245495 -0.33610222 0.1188629 -0.5039571 -0.26100886 0.23843212 -0.009585285 0.591892 -0.057071354 0.5962988 -0.057255004 -0.32145646 0.19843687 -0.28778097 0.2519977 -0.53719026 0.05778667 -0.21353547 0.32063898 0.57892066
realizar -0.16936462 0.17435278 0.40354267 -0.27290595 -0.010834214 0.2780968 -0.15121521 0.29963672 0.085815154 -0.24438505 0.18417105 -0.34960693 0.11508643 -0.48974842 -0.2359171 0.25694868 0.0041975486 0.54612726 -0.057111565 0.57083184 -0.04167987 -0.317765 0.19981165 -0.27888897 0.23722592 -0.5238386 0.059211724 -0.19811685 0.29703957 0.56781435
beneficiarios -0.18112604 0.14913705 0.38040388 -0.24994467 0.008461578 0.25320062 -0.13623491 0.27779344 0.051691443 -0.24271916 0.1655469 -0.31848302 0.12613952 -0.45206934 -0.2358117 0.23304285 -0.017427726 0.5409517 -0.06032797 0.535906 -0.051612142 -0.29074115 0.17860611 -0.2637065 0.2041286 -0.4886484 0.045646306 -0.16981927 0.2892442 0.53076255
trabajador -0.18591978 0.19146137 0.42500624 -0.278159 0.0074348906 0.282616 -0.15267433 0.29694635 0.08112128 -0.28159302 0.19722587 -0.38190666 0.1359171 -0.52687764 -0.27066576 0.24966462 0.0013032877 0.60533804 -0.055083133 0.61969715 -0.049685966 -0.35989007 0.22297652 -0.32388827 0.2542392 -0.5519854 0.08533398 -0.20058598 0.3166224 0.619448
fecha -0.20402893 0.19661838 0.40901598 -0.27562672 0.0073798317 0.29948407 -0.15459923 0.2844004 0.05883812 -0.25309756 0.18448314 -0.36857197 0.13124238 -0.52972776 -0.26405075 0.27489656 -0.010118082 0.5744581 -0.07207245 0.61896145 -0.054003328 -0.3329143 0.2269289 -0.29920653 0.2521356 -0.5521895 0.07980747 -0.21219033 0.29707965 0.59308964
solicito -0.17563134 0.15335168 0.37517145 -0.255641 0.00030276165 0.26447025 -0.13757095 0.27592197 0.0618845 -0.23298116 0.17094703 -0.32711306 0.13253482 -0.4822004 -0.24111407 0.24083668 -0.0012290812 0.55175704 -0.07588614 0.5340947 -0.06269309 -0.30234852 0.20872389 -0.2616815 0.21954256 -0.4846853 0.050500017 -0.1854564 0.26629746 0.5348223
beneficiario -0.16852175 0.17864628 0.38634515 -0.24004063 -0.018309139 0.2492631 -0.14259803 0.25885025 0.08400467 -0.24934605 0.17399728 -0.3438458 0.11533441 -0.4782681 -0.23252186 0.24569592 -0.0016849352 0.5309674 -0.070849665 0.5553567 -0.05991396 -0.32179388 0.19333749 -0.26978034 0.23047581 -0.5079708 0.05491869 -0.19841762 0.27556595 0.54883385
ingresar -0.17705968 0.19402015 0.40622687 -0.2550912 -0.018871283 0.26995328 -0.16257432 0.28288847 0.08706338 -0.2584869 0.18193832 -0.3339536 0.14162798 -0.5287569 -0.25385237 0.25865212 -0.0053381594 0.5967511 -0.052012473 0.593584 -0.039813403 -0.32279855 0.2112189 -0.30383047 0.25399864 -0.5179808 0.072360374 -0.21248499 0.31266126 0.5810007
recibir -0.17366642 0.16059263 0.38405123 -0.26093066 -0.0051072207 0.28269857 -0.1373309 0.28380135 0.085532635 -0.23368709 0.17920166 -0.3301115 0.115725115 -0.5011433 -0.23781982 0.23837872 -0.026431989 0.565485 -0.05083468 0.55476433 -0.063002065 -0.32323846 0.18900606 -0.27593163 0.23248859 -0.519487 0.0705352 -0.19870327 0.28323466 0.5650111
contrasena -0.15641384 0.15492108 0.3819443 -0.23053014 0.0037640573 0.2720929 -0.14487572 0.2601201 0.060009565 -0.22690351 0.14376172 -0.32993567 0.10530403 -0.48185086 -0.21994135 0.21358545 -0.016939117 0.5363567 -0.049987555 0.55191714 -0.05904908 -0.28658825 0.17406407 -0.26257998 0.23074068 -0.49407214 0.06067096 -0.19836088 0.27990112 0.53576875
afiliacionme -0.19776072 0.16744106 0.3996091 -0.27056307 0.0147534935 0.2664009 -0.13137552 0.2987756 0.064962335 -0.23648354 0.164587 -0.32704708 0.11039778 -0.5004485 -0.25132295 0.2618757 -0.020067886 0.55583507 -0.06316829 0.57281256 -0.06658662 -0.33122227 0.21092626 -0.27308685 0.23555563 -0.50239235 0.07095321 -0.18606241 0.29582912 0.58331573
tramite -0.17399772 0.16487722 0.4005733 -0.25553823 -0.010457954 0.2985475 -0.15942769 0.31010073 0.06664737 -0.2535896 0.18752804 -0.3444759 0.12435582 -0.5303716 -0.25856057 0.2539159 -0.027208548 0.5735785 -0.08219898 0.5923793 -0.06364735 -0.33455408 0.19960153 -0.30712935 0.24224727 -0.540449 0.080047585 -0.20343807 0.29445195 0.5841479
ayudar -0.17782512 0.1730729 0.35738844 -0.25206876 0.003057287 0.2624654 -0.1435766 0.25363642 0.071123995 -0.24427651 0.17383845 -0.30994862 0.124195844 -0.48029956 -0.24573958 0.22334152 -0.005204318 0.52738667 -0.06934225 0.5361161 -0.044182375 -0.29024267 0.18984084 -0.27129436 0.22991057 -0.48131692 0.074239165 -0.17716074 0.27168465 0.5490011
deseo -0.15571988 0.1646069 0.3567665 -0.23344788 -0.0026102222 0.23640071 -0.12355614 0.2775858 0.05073423 -0.24439475 0.14191866 -0.3288193 0.10463023 -0.463242 -0.22168966 0.24296723 -0.025390327 0.5330127 -0.07258183 0.54145795 -0.037732717 -0.28363934 0.18359897 -0.27004725 0.20258217 -0.4830659 0.058009177 -0.18517372 0.27575186 0.5249911
respuesta -0.20331007 0.17977358 0.42964187 -0.2931127 -0.008227305 0.29648152 -0.15130423 0.3286772 0.07902202 -0.2834194 0.18629126 -0.3718287 0.13889416 -0.54069924 -0.26926926 0.2746159 -0.01571274 0.62959516 -0.06667879 0.6315048 -0.048002433 -0.35889003 0.23819749 -0.29935265 0.26135463 -0.59279484 0.07447225 -0.22924823 0.32615262 0.6410421
posible -0.18118753 0.192287 0.41114607 -0.26769993 -0.007481126 0.26571798 -0.13280055 0.30674917 0.08263195 -0.24674168 0.17927179 -0.34211868 0.11561496 -0.5133464 -0.27085343 0.26300314 0.0027069345 0.5692258 -0.07060363 0.59897816 -0.04899909 -0.32642365 0.21471247 -0.28741255 0.23679057 -0.5146025 0.076099925 -0.2037799 0.30673456 0.5869424
ingreso -0.19521159 0.19157505 0.39618987 -0.27945563 -0.013784521 0.29291952 -0.1344126 0.30406728 0.071184956 -0.26933813 0.17515871 -0.36054942 0.1380408 -0.51163566 -0.2621218 0.2445776 -0.009336848 0.6022103 -0.07849324 0.61473405 -0.049597472 -0.35053214 0.21739474 -0.3129865 0.24646634 -0.5538543 0.07239047 -0.19298537 0.29968306 0.5816027
independiente -0.19747756 0.19920622 0.43930122 -0.2786311 0.0046557286 0.27870432 -0.14441831 0.30869678 0.096374944 -0.26745132 0.19207193 -0.34580436 0.12571016 -0.5202474 -0.26557478 0.27435747 0.0035606255 0.6162529 -0.06938704 0.6057853 -0.058005 -0.34247714 0.21540259 -0.32082304 0.23599507 -0.5598965 0.08255076 -0.22512802 0.33275247 0.5968371
cuota_monetaria -0.17049529 0.17242314 0.35468054 -0.24535407 0.0007946328 0.25831917 -0.12681913 0.27127284 0.04999145 -0.20889159 0.1374634 -0.31686804 0.11210136 -0.43612686 -0.2123283 0.23303038 -0.01176599 0.52503866 -0.045996033 0.50534743 -0.047183014 -0.3022478 0.17258051 -0.2418921 0.22125846 -0.4823013 0.048324957 -0.16624582 0.2642324 0.5168701
colaborar -0.14200585 0.15259933 0.31029138 -0.21959563 -0.012779044 0.19949833 -0.09887817 0.22054733 0.071399026 -0.18853764 0.124692 -0.26305756 0.10348778 -0.378174 -0.19991165 0.18442386 -0.026117332 0.44069278 -0.0399913 0.45551813 -0.041336887 -0.26430687 0.14735346 -0.23569784 0.19978864 -0.4234662 0.048628625 -0.15557002 0.2409137 0.45800048
pedir -0.1589238 0.14093964 0.32460016 -0.19786336 0.0037195866 0.20765723 -0.11878005 0.24022397 0.055758324 -0.2149168 0.14624341 -0.2682698 0.110772215 -0.4106381 -0.20470923 0.19253181 -0.0021571731 0.47079602 -0.04586571 0.48261124 -0.030119302 -0.26750308 0.15905039 -0.23709325 0.19845653 -0.4263626 0.049940817 -0.1751491 0.24231158 0.4620219
registro -0.17887534 0.15162303 0.3883896 -0.2640651 -0.0054836688 0.2768461 -0.15293263 0.27274364 0.06356138 -0.24476913 0.16522603 -0.3272817 0.11513562 -0.480355 -0.25954926 0.23284721 -0.017441485 0.53789407 -0.05108807 0.5732824 -0.0579717 -0.307683 0.18856017 -0.28312564 0.23932582 -0.48928928 0.046468206 -0.17671987 0.30070424 0.55028754
afiliacions -0.17722228 0.14231375 0.3540813 -0.22851725 0.0032747698 0.2450524 -0.13656674 0.2665425 0.07095467 -0.21057384 0.1675971 -0.29507074 0.106790856 -0.4435995 -0.23448853 0.2153336 -0.011167549 0.49282417 -0.07247562 0.51981425 -0.05655622 -0.28385743 0.18140753 -0.25229377 0.2108136 -0.46706355 0.042836882 -0.181272 0.24977651 0.5133062
cuota -0.15899655 0.18281345 0.3916308 -0.25566447 0.0017343264 0.25151217 -0.13033126 0.2597597 0.06355973 -0.24218 0.16170631 -0.33767217 0.13106981 -0.48262364 -0.2299745 0.24285437 -0.0015285589 0.54264027 -0.045498136 0.5560743 -0.04845133 -0.30109397 0.20925963 -0.26567766 0.23489773 -0.50500727 0.05127809 -0.18821993 0.29881066 0.5579298
averiguar -0.14931369 0.15665868 0.35909584 -0.23780316 -0.012593005 0.23941296 -0.12653407 0.24289201 0.048809286 -0.22697884 0.15623829 -0.30258155 0.12835476 -0.4378241 -0.23859423 0.21145512 -0.013684958 0.5100503 -0.072417766 0.5015444 -0.060798805 -0.28049278 0.16995087 -0.26703632 0.20131029 -0.46758556 0.06849523 -0.16373624 0.2526946 0.5136317
envie -0.17900331 0.1765018 0.39204642 -0.26025623 0.0003485644 0.28450984 -0.14320083 0.28368977 0.07639982 -0.25272214 0.15671964 -0.33300644 0.12934187 -0.4991754 -0.23232499 0.24238196 -0.007524062 0.5520227 -0.059317444 0.56841266 -0.06657637 -0.31449404 0.1960154 -0.27612397 0.21437162 -0.52118546 0.07951832 -0.18493709 0.29840562 0.56162155
solicitud -0.20668334 0.18945 0.41547823 -0.27042994 -0.013142973 0.30585778 -0.16815688 0.3207753 0.0777897 -0.25436562 0.18505223 -0.38384822 0.1539641 -0.54669124 -0.28267667 0.27656168 -0.023986429 0.6326258 -0.06684119 0.62714493 -0.07554072 -0.36178643 0.2157967 -0.32391158 0.2584034 -0.5632437 0.061027937 -0.22627985 0.31980658 0.6152594
sacar -0.15053344 0.14898527 0.29923028 -0.20808098 0.0108575225 0.21588169 -0.09806529 0.23649418 0.04039611 -0.18967235 0.1435286 -0.27619982 0.11275267 -0.39111367 -0.19217987 0.19971596 -0.019267634 0.44776952 -0.043094166 0.44188774 -0.04886998 -0.25809538 0.14596689 -0.22860311 0.18913786 -0.3878568 0.035967525 -0.15368155 0.21722291 0.4445304
subir -0.17965749 0.14173429 0.358223 -0.23797397 0.012234455 0.23583631 -0.1350162 0.24343124 0.06584734 -0.20705006 0.1485122 -0.2949255 0.114913136 -0.4435502 -0.23862928 0.23214927 0.0005326193 0.52012855 -0.05441727 0.5323225 -0.04060737 -0.2746368 0.17180093 -0.26596475 0.19756868 -0.47076854 0.05912766 -0.17014112 0.26937458 0.5240752
empleados -0.1710413 0.1753542 0.3772027 -0.24650499 -0.018943774 0.2626288 -0.12317216 0.27904359 0.061445296 -0.25813133 0.1596823 -0.3433211 0.1230495 -0.5034479 -0.24373299 0.25053507 -0.008701356 0.5380746 -0.06238743 0.5623371 -0.05039859 -0.3003442 0.21221532 -0.26798177 0.22617505 -0.52010334 0.06519719 -0.20659414 0.2943092 0.56982005
novedad -0.16446841 0.17550683 0.38703468 -0.25219613 -0.01198271 0.27618214 -0.13047668 0.2565026 0.06941738 -0.2514838 0.1756674 -0.32761908 0.13409707 -0.47357896 -0.25784466 0.22932419 0.005568938 0.5543947 -0.06484983 0.56637037 -0.042786203 -0.29869166 0.2017389 -0.28078613 0.22684398 -0.50136906 0.05433354 -0.20660365 0.2903882 0.5574706
pide -0.15744752 0.15952054 0.3910909 -0.24579516 -0.018361926 0.27382872 -0.12865101 0.27793092 0.074002594 -0.22682591 0.1706154 -0.32069135 0.12036116 -0.49061155 -0.23282374 0.24602129 0.00026395114 0.55123276 -0.059569463 0.54531795 -0.036603544 -0.31270704 0.18979684 -0.2729202 0.22363104 -0.48081428 0.05700685 -0.17576253 0.28719997 0.5479593
desempleo -0.1553771 0.14396358 0.3417092 -0.24819756 0.00084672717 0.24140036 -0.12814677 0.26393482 0.05417625 -0.2364046 0.14875108 -0.3153757 0.106857136 -0.45261955 -0.23807585 0.22842436 -0.02035828 0.5136763 -0.05108252 0.5330527 -0.05023517 -0.28420576 0.17578448 -0.26048058 0.21174216 -0.47111422 0.07426856 -0.17138736 0.25963074 0.5282069
activa -0.173918 0.1834643 0.40158108 -0.26732248 0.0018598054 0.3000674 -0.15337121 0.28262663 0.07728684 -0.2580475 0.17273247 -0.34963378 0.12569152 -0.5052222 -0.25461328 0.2707878 -0.018779404 0.58756715 -0.06816482 0.5962734 -0.056208417 -0.31867635 0.20022511 -0.3035773 0.2564799 -0.5293954 0.08627489 -0.22283603 0.31571123 0.5784316
empleador -0.18582912 0.15860845 0.38464957 -0.2550438 0.0034140132 0.2701006 -0.1533968 0.28519738 0.069155924 -0.26562533 0.15771739 -0.33144122 0.12130518 -0.5035181 -0.26294842 0.2305643 0.0010734581 0.57047766 -0.056468967 0.5740391 -0.055413876 -0.32008833 0.2093254 -0.27793604 0.2484007 -0.50491726 0.07906756 -0.21115062 0.29014665 0.55686074
plataforma -0.19468501 0.17323487 0.42346033 -0.2772147 -0.009049217 0.29833323 -0.13355865 0.29978275 0.08724318 -0.24450776 0.17887636 -0.34359118 0.11981418 -0.5326019 -0.2597739 0.25078848 0.0016352547 0.5838311 -0.056198597 0.5996457 -0.072590046 -0.34576893 0.22707188 -0.28151843 0.23941265 -0.5444209 0.056050442 -0.20670947 0.3124357 0.583649
llega -0.1851376 0.1775299 0.36713162 -0.24183296 0.00740435 0.27281854 -0.12107778 0.27593228 0.0580263 -0.22223577 0.16028236 -0.31934515 0.11778918 -0.4812971 -0.23380145 0.22673987 -0.0005367053 0.5445849 -0.07744057 0.5578343 -0.04839574 -0.31921205 0.20463239 -0.27103403 0.21974961 -0.5128135 0.05446313 -0.20001397 0.28609335 0.5547629
enviaron -0.16850004 0.15808073 0.38593143 -0.24653047 0.011771761 0.27869254 -0.15055971 0.26549733 0.052977767 -0.23010881 0.16967991 -0.33852798 0.116319254 -0.46341234 -0.24053441 0.2471651 -0.022247758 0.5536284 -0.05660156 0.557857 -0.04288517 -0.32168633 0.18146382 -0.27609065 0.22710472 -0.48085088 0.06360997 -0.19899857 0.29297248 0.54385364
meses -0.18513736 0.16215579 0.38267776 -0.25398302 -0.0051155337 0.27196345 -0.13417295 0.28332356 0.07698245 -0.23481779 0.14960426 -0.32640386 0.10708146 -0.4731593 -0.2522471 0.24065246 -0.0028051597 0.5568293 -0.051014528 0.5441975 -0.037857063 -0.2998656 0.20890142 -0.2828176 0.21372059 -0.51236445 0.06440864 -0.19610792 0.286459 0.5357445
colaboracion -0.16461372 0.16677453 0.36556342 -0.23465216 0.00440498 0.25199115 -0.14019416 0.27353764 0.06999679 -0.21869662 0.16966449 -0.3205009 0.11803453 -0.46868315 -0.24064116 0.21590947 -0.027976342 0.51682764 -0.07198627 0.5318278 -0.056787115 -0.31299993 0.18750477 -0.2561438 0.22520345 -0.4976101 0.06920347 -0.17902222 0.27812022 0.52047163
obtener -0.17305987 0.14265753 0.3371029 -0.21588072 0.0132191945 0.23816761 -0.12406539 0.2412495 0.050551124 -0.20932797 0.13812333 -0.30479735 0.11874419 -0.42708254 -0.21445382 0.22301242 -0.02163628 0.49874747 -0.06535746 0.5082591 -0.034519352 -0.26809123 0.1850881 -0.25219366 0.21501659 -0.45508137 0.062183466 -0.18554604 0.2542434 0.4797787
afilio -0.15618739 0.16668694 0.33948424 -0.22548307 0.0021246297 0.24663566 -0.12369367 0.2500578 0.05539847 -0.22277954 0.15634128 -0.30696404 0.10259242 -0.44205385 -0.22761859 0.22098109 -0.0040326174 0.5084192 -0.05343312 0.51497626 -0.036289115 -0.2783653 0.19070591 -0.24157871 0.20033784 -0.47059384 0.064804375 -0.16066152 0.2542417 0.5127635
aportes -0.21939254 0.1842832 0.4593184 -0.2887584 -0.021196367 0.2907742 -0.14437844 0.31953928 0.0992304 -0.2839704 0.17484552 -0.36881894 0.13955905 -0.5399704 -0.29867738 0.27616233 -0.016065836 0.64250845 -0.052949402 0.65229017 -0.06261126 -0.37947875 0.21691051 -0.31782234 0.25039238 -0.5724906 0.08248735 -0.22403504 0.34066263 0.64633924
actualizar -0.19099273 0.17610514 0.3959717 -0.2742375 0.0055331434 0.2992822 -0.15592179 0.29089326 0.05742888 -0.2650422 0.17845887 -0.35285375 0.11621342 -0.50610226 -0.26761186 0.24647586 -0.019306887 0.58728224 -0.052740723 0.5781222 -0.06254964 -0.31643862 0.20753306 -0.30244812 0.24128912 -0.5157531 0.07653828 -0.19803292 0.31203893 0.57584
descargar -0.1542382 0.14511031 0.33710098 -0.2346131 0.005062906 0.23005125 -0.13184994 0.2430761 0.060187217 -0.21822801 0.14447646 -0.30133772 0.09318178 -0.4151186 -0.21019982 0.22221093 -0.027240735 0.47881317 -0.07178128 0.4983569 -0.03168352 -0.27165112 0.18062598 -0.23852201 0.21091221 -0.43460956 0.049541086 -0.16609432 0.23914641 0.5019149
realice -0.17475608 0.15751049 0.37992078 -0.25099272 -0.004420191 0.2636575 -0.13330726 0.2771258 0.064762354 -0.25067338 0.18171789 -0.3288441 0.12625311 -0.48039833 -0.23228914 0.24422412 -0.021864472 0.5366594 -0.06130848 0.5565985 -0.04552478 -0.31365526 0.18931842 -0.2741957 0.23620304 -0.5193938 0.055713583 -0.208509 0.27658078 0.5677782
beneficio -0.1421548 0.1590322 0.3388329 -0.23146784 0.014044031 0.2303424 -0.10229674 0.24959432 0.05004867 -0.20825753 0.13590473 -0.28706637 0.11156434 -0.40913248 -0.20886426 0.21950454 -0.0034581304 0.48716792 -0.06574083 0.4831514 -0.057350196 -0.26932088 0.1535778 -0.23809877 0.18158756 -0.43084785 0.05190972 -0.15654907 0.2557403 0.47023314
verificar -0.15869556 0.14937553 0.34638688 -0.2470916 -0.014799032 0.2632636 -0.12868261 0.2627481 0.06769997 -0.23583467 0.16729555 -0.31643066 0.1232305 -0.45430285 -0.23538993 0.20560668 -0.013421841 0.5227331 -0.049338985 0.51585996 -0.03510763 -0.28612265 0.16822045 -0.25332195 0.2087639 -0.4803917 0.07439337 -0.16441666 0.2608261 0.5117331
requiero -0.19560659 0.18199386 0.40303436 -0.25113916 0.012457619 0.26214743 -0.1417616 0.27965617 0.059690412 -0.23095219 0.1862858 -0.34217042 0.13238199 -0.4985852 -0.26526514 0.24162227 -0.009395265 0.54690117 -0.06670636 0.56593704 -0.06144108 -0.33141318 0.19632457 -0.29821458 0.23442265 -0.5289171 0.07956449 -0.18556517 0.29674742 0.551515
covid -0.14350317 0.14942154 0.33873945 -0.20964375 0.006677799 0.22702007 -0.13501537 0.25503254 0.057854325 -0.20124166 0.15691888 -0.30031645 0.11492592 -0.43871015 -0.21459788 0.2238537 -0.0033531107 0.48955408 -0.06245883 0.4897266 -0.054916047 -0.2815968 0.17374149 -0.23086339 0.20857784 -0.43754545 0.06269346 -0.15751646 0.26635623 0.49662644
seguir -0.13732877 0.14009885 0.3357883 -0.20192516 0.013247463 0.22958177 -0.1151528 0.24897167 0.07490104 -0.19516239 0.14094068 -0.27034026 0.089640595 -0.431488 -0.22584888 0.20360762 -0.0057939463 0.4637873 -0.042655393 0.48215476 -0.053805344 -0.2689571 0.17267182 -0.23828499 0.20943815 -0.42728296 0.06700942 -0.18071312 0.26263845 0.4891974
famisanar -0.15413715 0.15673073 0.3269955 -0.21181771 0.0013577252 0.23929337 -0.1384494 0.25952178 0.06920387 -0.21349704 0.16112319 -0.30568713 0.12574475 -0.41496244 -0.21862999 0.20342135 -0.018097093 0.5037158 -0.053814687 0.5057064 -0.05376032 -0.27709416 0.18428698 -0.2456493 0.21864206 -0.46505293 0.071487 -0.16055211 0.2457518 0.48484495
cambiar -0.14901248 0.17068827 0.35323095 -0.23416615 0.0046320674 0.2371807 -0.11376645 0.27530503 0.054729454 -0.22580786 0.14176321 -0.30220434 0.12305098 -0.45440134 -0.23180924 0.2402133 -0.010466665 0.52328676 -0.064650685 0.52848583 -0.033093963 -0.2841936 0.19333197 -0.26835522 0.21796 -0.46048307 0.04541542 -0.1756719 0.26153627 0.53273904
nucleo -0.16852978 0.16065049 0.3529861 -0.23806635 -0.0031497262 0.26318312 -0.13466592 0.2756175 0.07690819 -0.2257207 0.14228256 -0.33102486 0.13261122 -0.45468435 -0.21959959 0.21703492 -0.025986198 0.5085997 -0.042805415 0.5249227 -0.049568824 -0.29042646 0.18963242 -0.26403767 0.20515248 -0.49300915 0.0523733 -0.19507071 0.2878717 0.52272475
recibido -0.16233853 0.16431417 0.3525454 -0.21565785 -0.0064265174 0.24955137 -0.11137343 0.2658554 0.07185103 -0.23694701 0.13565865 -0.30608925 0.10108778 -0.45347458 -0.23579465 0.2036416 -0.0034651975 0.49465346 -0.04729586 0.5229397 -0.03875751 -0.284552 0.16527683 -0.25152445 0.22184816 -0.45763132 0.045799185 -0.18972686 0.25499886 0.49814886
realizando -0.15873569 0.17571382 0.38111007 -0.2548311 -0.004093391 0.2717244 -0.144599 0.28124282 0.08042683 -0.22826274 0.17439397 -0.312505 0.103921555 -0.46306422 -0.24273168 0.21742722 0.004837336 0.5367883 -0.065278105 0.5549305 -0.06585303 -0.31703964 0.2024401 -0.27184138 0.22811309 -0.47514325 0.071550034 -0.18484865 0.2894212 0.53836685
requisitos -0.10472116 0.12671027 0.24209438 -0.16880557 -0.0092973765 0.16126688 -0.08202625 0.1762364 0.029921321 -0.1545088 0.10642689 -0.23588695 0.07286349 -0.318896 -0.16055734 0.17287889 0.00061965984 0.36924374 -0.057084344 0.37845427 -0.024589319 -0.19168502 0.114789985 -0.19884294 0.13902256 -0.34742016 0.029836975 -0.13219346 0.18319273 0.35861552
afiliaciones -0.16239348 0.15765324 0.34084517 -0.23920977 -0.00208321 0.24983276 -0.13531785 0.27257946 0.0643508 -0.22883724 0.14492017 -0.3009588 0.0987942 -0.46168745 -0.22891048 0.23701553 -0.0055273385 0.50076526 -0.06016808 0.5321843 -0.053450115 -0.30519548 0.17469126 -0.2582586 0.22222656 -0.45516214 0.05427128 -0.1863744 0.25660565 0.50994307
intente -0.17185746 0.16239771 0.37150148 -0.22745284 0.011746189 0.25622028 -0.11792709 0.2521059 0.057971865 -0.2365057 0.14457756 -0.31826848 0.10628725 -0.4687662 -0.24369493 0.22894204 -0.016047753 0.51051354 -0.07370317 0.5113275 -0.032120507 -0.29720312 0.19328298 -0.24230789 0.20327565 -0.4780116 0.06508726 -0.18597892 0.25514674 0.52350265
osea -0.17276058 0.14212266 0.33393753 -0.22218604 0.0063003525 0.2591922 -0.11101445 0.24125256 0.06219166 -0.21291985 0.15797567 -0.28659844 0.10736967 -0.45818183 -0.2160945 0.20727763 -0.017410997 0.51682115 -0.06710584 0.52740395 -0.062764905 -0.28820422 0.17818719 -0.23960477 0.21415097 -0.46540874 0.05572448 -0.16588944 0.26142386 0.51150334
envian -0.18106307 0.17611331 0.37627372 -0.2570521 -0.015334964 0.2673614 -0.13171043 0.27223098 0.063724875 -0.22468945 0.15958205 -0.3308366 0.129319 -0.4682248 -0.23232494 0.2179387 -0.028723918 0.5282875 -0.05996362 0.55282354 -0.06598528 -0.31323665 0.19657758 -0.25431877 0.23886931 -0.49971262 0.0655254 -0.18231098 0.2636594 0.5297637
urgente -0.17067364 0.1519436 0.37125248 -0.22631781 -0.005184714 0.2335661 -0.11231949 0.24413495 0.07154706 -0.20919518 0.14020905 -0.29335847 0.09864488 -0.4624559 -0.23746935 0.21614923 -0.019815488 0.5268581 -0.05784317 0.5227556 -0.032710433 -0.29533976 0.17944954 -0.25246263 0.20118313 -0.48576584 0.05287535 -0.19133192 0.27508238 0.5286872
motivo -0.1602304 0.14230219 0.31895688 -0.21457559 -0.0090435045 0.23964712 -0.12575568 0.22618121 0.04647924 -0.19726191 0.13100809 -0.28409907 0.115786575 -0.40976027 -0.19362381 0.19083667 -0.004655101 0.47551683 -0.04616573 0.47477466 -0.05476824 -0.2644472 0.15499105 -0.22525987 0.19974722 -0.4146111 0.055437736 -0.16688146 0.24908666 0.46008825
formulario -0.1764961 0.1788375 0.3648353 -0.25045437 0.0029331006 0.27100033 -0.14203338 0.268057 0.07556335 -0.23092525 0.15940335 -0.30819702 0.110062934 -0.45859998 -0.22813675 0.21421914 -0.019763585 0.5237985 -0.054291442 0.5508636 -0.04188201 -0.30065492 0.18959013 -0.2628087 0.22045234 -0.46964607 0.07509307 -0.16865365 0.28164425 0.5333681
consultar -0.13281001 0.11439789 0.30323353 -0.18351421 -0.0058716126 0.19863307 -0.09309357 0.21972741 0.058952436 -0.17251495 0.119477294 -0.24413033 0.07779378 -0.37111673 -0.19889016 0.17999339 -0.020511681 0.42904675 -0.058383685 0.41710487 -0.049766477 -0.23712344 0.1355122 -0.21461505 0.16916578 -0.39751887 0.061537188 -0.14063172 0.21127991 0.4386245
error -0.15457508 0.17210309 0.35892814 -0.23629291 -0.007082191 0.24167994 -0.12592277 0.26012468 0.07432641 -0.22345366 0.16765274 -0.31366512 0.104081444 -0.47593716 -0.22482707 0.22903027 -0.012977306 0.54119676 -0.05344633 0.522482 -0.046879202 -0.31810355 0.18467164 -0.27061963 0.21824124 -0.50319296 0.06942679 -0.16879302 0.27654648 0.5397646
adjuntar -0.17571238 0.15815072 0.397794 -0.2721961 0.0037233892 0.2735004 -0.15680951 0.27642757 0.07206264 -0.259134 0.17526518 -0.3519738 0.11747439 -0.49834368 -0.24595952 0.25968447 -0.0070859496 0.56960833 -0.05389035 0.5677687 -0.041453473 -0.32643244 0.18475524 -0.2860681 0.23886846 -0.5151851 0.08064619 -0.18397582 0.28902915 0.5818562
sistema -0.16560835 0.1386194 0.35885724 -0.21966727 0.00465498 0.23091282 -0.12665991 0.26862872 0.075906776 -0.2325337 0.14410941 -0.29413542 0.107994445 -0.45062038 -0.22715428 0.2031028 -0.006133447 0.49390528 -0.046661332 0.51561713 -0.058417823 -0.2877267 0.18588504 -0.2530519 0.2150685 -0.45169792 0.07144353 -0.1695934 0.27518323 0.5053323
sucede -0.18187541 0.17241012 0.37530962 -0.25490066 0.013745664 0.25955877 -0.120978884 0.29025707 0.053345714 -0.24655826 0.15754554 -0.31911173 0.13521034 -0.48412186 -0.24261186 0.25300458 0.0003952094 0.56329656 -0.05805878 0.5526184 -0.05295534 -0.3176528 0.2128923 -0.2795637 0.24093437 -0.4898447 0.06611514 -0.19815804 0.29560375 0.5527398
laboral -0.18586914 0.18117592 0.392767 -0.26279095 -0.014254385 0.2662038 -0.15996157 0.2779806 0.086142 -0.26931396 0.1830102 -0.3604694 0.14077154 -0.5221127 -0.25700992 0.2575244 -0.009992313 0.55733716 -0.07888305 0.57897943 -0.04860459 -0.3240715 0.19409588 -0.30116445 0.22658142 -0.53246534 0.056950737 -0.2157292 0.3098113 0.58045256
volver -0.1560682 0.15877575 0.3813781 -0.24630633 -0.003135838 0.2439314 -0.14414345 0.2657422 0.07389907 -0.24009411 0.16606395 -0.3113091 0.1206781 -0.4805072 -0.22105482 0.21374151 -0.0147167705 0.539679 -0.06462744 0.5416833 -0.041583307 -0.31104177 0.1958508 -0.25801542 0.21758582 -0.46878722 0.074286565 -0.19004402 0.28436673 0.51657087
monetario -0.16661198 0.15703623 0.34265843 -0.22420974 0.0038390362 0.24814358 -0.12995724 0.2547032 0.08044334 -0.23738354 0.16017592 -0.30812302 0.12626736 -0.43843943 -0.23024178 0.21782915 -0.027668772 0.5072064 -0.064900495 0.50787634 -0.047937565 -0.27523267 0.17325991 -0.2586639 0.20131388 -0.4703415 0.06048788 -0.16634949 0.25480238 0.50715923
virtual -0.16841243 0.158603 0.33845472 -0.24574469 0.00711422 0.24189657 -0.12025476 0.27203524 0.058824558 -0.22396708 0.15503684 -0.3108333 0.1240266 -0.43547526 -0.23724622 0.21332365 -0.02814435 0.5186766 -0.06625654 0.49772072 -0.046781495 -0.2965175 0.19255579 -0.24340895 0.19621256 -0.4592729 0.04588296 -0.1646152 0.2746118 0.4923567
conocer -0.18993269 0.16823223 0.3787437 -0.2499908 0.008700885 0.27946845 -0.12911445 0.2861562 0.062620066 -0.2501051 0.16326357 -0.3379902 0.13396469 -0.48742267 -0.25188667 0.2311663 -0.02728597 0.56129795 -0.07566545 0.5621023 -0.056416743 -0.32552546 0.21317127 -0.27781016 0.2160068 -0.5175871 0.06367501 -0.19708858 0.28402463 0.5541311
radicado -0.19469428 0.16959582 0.3910647 -0.25577605 0.0007052199 0.27107283 -0.13317472 0.2939101 0.07999583 -0.23213091 0.15677541 -0.34345493 0.12727377 -0.50106055 -0.23676327 0.22580546 0.0025170825 0.56683177 -0.059460472 0.55451584 -0.05607895 -0.31681183 0.21110159 -0.28918138 0.23360513 -0.5149743 0.05847667 -0.18012188 0.28455824 0.5567028
radicar -0.17964268 0.1644189 0.37468198 -0.24413346 -0.00045307318 0.26179123 -0.14194141 0.2800702 0.073449105 -0.2208693 0.17372325 -0.30503607 0.10335181 -0.471433 -0.24382712 0.22293374 -0.019689854 0.520772 -0.051692758 0.55967116 -0.0668719 -0.29113516 0.20376602 -0.25400907 0.22783704 -0.50243574 0.057634786 -0.17005853 0.27843568 0.5426652
procedimiento -0.14345567 0.15499586 0.31113538 -0.22347166 -0.01092956 0.2134237 -0.13125196 0.22647026 0.07504911 -0.22188415 0.13509302 -0.26947954 0.10895555 -0.41708666 -0.21388927 0.20945263 0.005910575 0.47310376 -0.041050397 0.4816422 -0.044045217 -0.2730419 0.17496832 -0.23114325 0.18669915 -0.43419203 0.05239235 -0.16703635 0.2561889 0.4771952
trabajando -0.1831373 0.15737441 0.36677796 -0.24283378 0.01459762 0.26478115 -0.13733509 0.26115873 0.08048249 -0.22277683 0.15603565 -0.33217937 0.10542804 -0.4538148 -0.2372206 0.22582507 -0.011950021 0.53331935 -0.07763839 0.5425937 -0.06257723 -0.31737667 0.2068173 -0.25607565 0.23441078 -0.49479786 0.07163205 -0.18132956 0.29151508 0.5308616
incluir -0.15672526 0.15972142 0.35451266 -0.2435877 0.011953092 0.24679802 -0.117416196 0.25515124 0.07598486 -0.24474135 0.16457097 -0.32000443 0.13608174 -0.47419035 -0.25208646 0.23710558 0.0008386156 0.5380322 -0.07707228 0.54267913 -0.048949167 -0.2914175 0.18706767 -0.26119602 0.23699991 -0.48631662 0.057146087 -0.17203513 0.27294984 0.5486136
afilie -0.17420737 0.17696968 0.37888354 -0.25384036 -0.01726697 0.24869642 -0.14468953 0.2683448 0.06012645 -0.24736953 0.17470486 -0.3321218 0.11777069 -0.47939953 -0.23336612 0.23728414 -0.003866331 0.53613174 -0.052552905 0.5504451 -0.04576955 -0.29043236 0.18124491 -0.27614954 0.21349394 -0.4858829 0.06518976 -0.18466893 0.27452475 0.523649
septiembre -0.16967057 0.14559671 0.3639892 -0.23850186 -0.0072098877 0.23869295 -0.13824898 0.24009617 0.051113408 -0.21526404 0.16621922 -0.29404268 0.10542381 -0.43817347 -0.23940414 0.2274585 0.0058169356 0.51845247 -0.052071165 0.5249991 -0.032799233 -0.28065988 0.17428288 -0.2504387 0.21725266 -0.46675605 0.06282079 -0.17243664 0.24975874 0.51736385
consignado -0.16271648 0.14301454 0.35041866 -0.2094494 -0.009233194 0.21976388 -0.12326291 0.26048607 0.07315124 -0.19572893 0.15444225 -0.28264612 0.121486686 -0.4408032 -0.2172677 0.21482222 -0.0014332813 0.47314256 -0.043597717 0.5067137 -0.059472263 -0.27918613 0.16743656 -0.24907008 0.19173555 -0.4398556 0.07009841 -0.15757689 0.24570708 0.471455
validar -0.18069065 0.16787595 0.35375127 -0.24375409 -0.01098105 0.2505075 -0.12548487 0.24483445 0.07653505 -0.23315665 0.16618823 -0.30441263 0.11695292 -0.45406416 -0.21762697 0.2212248 -0.009882587 0.5045175 -0.05768934 0.531574 -0.051772937 -0.303326 0.183739 -0.26380813 0.19747724 -0.47471443 0.07563968 -0.19587235 0.2713133 0.5218377
telefono -0.15483053 0.15887769 0.3561575 -0.2221052 -0.011298074 0.2492776 -0.139909 0.24766336 0.058640514 -0.22421426 0.13242587 -0.3079215 0.09829447 -0.45057166 -0.20734781 0.21562864 -0.024296518 0.49879152 -0.0402827 0.4941715 -0.031711984 -0.27537036 0.18907583 -0.2567701 0.19272734 -0.4654285 0.04600131 -0.17915386 0.2546928 0.49416938
indican -0.17656268 0.16295731 0.3534357 -0.21463087 0.013076796 0.2555868 -0.1395319 0.25204524 0.06253677 -0.22465216 0.16162707 -0.31250256 0.118011266 -0.45166022 -0.20907477 0.22914249 -0.0076561878 0.49145794 -0.07204784 0.51630145 -0.058738973 -0.2782964 0.18685742 -0.266074 0.1912217 -0.4590684 0.05756538 -0.18557489 0.26626587 0.4837325
informar -0.17621854 0.16674736 0.364319 -0.23094699 -0.007959157 0.2284687 -0.11623344 0.25356707 0.05168029 -0.20555383 0.14061186 -0.30778897 0.1099986 -0.44439995 -0.23262984 0.21673635 -0.01761889 0.5107052 -0.06623747 0.51473296 -0.035394806 -0.2836185 0.16737758 -0.25188336 0.19313635 -0.47680828 0.054528363 -0.18254752 0.276193 0.5000661
asesoria -0.12676507 0.14265242 0.31623834 -0.20188592 0.0024338313 0.22155577 -0.10930798 0.2121132 0.047541697 -0.20168619 0.13208243 -0.25815764 0.11383911 -0.38014126 -0.1877582 0.20318457 -0.012910996 0.43028012 -0.06536973 0.46958208 -0.042150993 -0.25483927 0.17343175 -0.21311478 0.19491255 -0.39751372 0.059696533 -0.15555637 0.21876244 0.43762568
pueda -0.1447133 0.1647804 0.34588724 -0.21853271 0.0076557794 0.24601665 -0.111588724 0.24200323 0.065618895 -0.21439146 0.14889364 -0.29438123 0.10400548 -0.43270954 -0.20165278 0.21307908 -0.0006529715 0.4815736 -0.059157602 0.48665124 -0.052175302 -0.28021982 0.17188768 -0.2594318 0.20849244 -0.45830247 0.06098888 -0.18056743 0.25376612 0.5057064
desafiliacion -0.14164263 0.12874703 0.3242322 -0.20542946 -0.004889071 0.22489491 -0.12483798 0.23136368 0.057265412 -0.21839942 0.15480462 -0.29453012 0.11584197 -0.42376006 -0.21232092 0.20141764 -0.009180269 0.4530434 -0.059630323 0.48335478 -0.0562424 -0.25941634 0.17886169 -0.2257391 0.20511566 -0.43775028 0.05727107 -0.15200846 0.24664982 0.47206038
dependiente -0.15448852 0.13603637 0.33275333 -0.2231097 -0.017451514 0.24373905 -0.12716952 0.24674596 0.0648729 -0.21247539 0.13033329 -0.28177392 0.10195165 -0.4169839 -0.20648839 0.20620239 -0.008298925 0.47950277 -0.06926149 0.47422844 -0.056673627 -0.25821304 0.170588 -0.23059209 0.19237864 -0.41943666 0.040761117 -0.15937348 0.2565651 0.47397387
esposa -0.16933796 0.15906191 0.3395104 -0.20972303 0.012007852 0.22516985 -0.10734087 0.2487054 0.048226736 -0.20576946 0.15489846 -0.27917108 0.11972794 -0.41221097 -0.22099365 0.20234363 -0.025515387 0.46215546 -0.06787054 0.5026738 -0.029510612 -0.28522778 0.17046288 -0.22851266 0.2052458 -0.4273101 0.05396987 -0.18052149 0.24604273 0.47486869
activo -0.17201158 0.16547908 0.33963308 -0.22162738 -0.00510721 0.26053098 -0.12800512 0.25340152 0.06044491 -0.21937618 0.16057421 -0.29564783 0.10159026 -0.45078775 -0.23725383 0.23361517 -0.018178765 0.5107829 -0.041456092 0.5062237 -0.047532957 -0.28793985 0.18589146 -0.24246296 0.19593166 -0.4841672 0.069811955 -0.18284328 0.27859035 0.522906
incapacidad -0.17331947 0.14486428 0.3610715 -0.22672647 0.013207188 0.22898574 -0.13379847 0.26012552 0.06867629 -0.23067947 0.16605955 -0.3083763 0.116016515 -0.45023933 -0.22269097 0.23535895 -0.02297793 0.50386596 -0.050253753 0.5125314 -0.03858427 -0.29653588 0.19313869 -0.25588956 0.2110868 -0.4688793 0.045963842 -0.1639714 0.2580582 0.4985089
electronico -0.15215646 0.13328317 0.31752264 -0.2281849 0.008727478 0.21597138 -0.13122535 0.2530505 0.04846614 -0.20514874 0.14741331 -0.28428823 0.12178913 -0.42193514 -0.20714076 0.20814447 -0.0034605828 0.45868087 -0.055960342 0.4941626 -0.057015184 -0.28435686 0.16233481 -0.23140006 0.18066114 -0.42244402 0.059718706 -0.1503979 0.23425001 0.48749614
envio -0.16856441 0.16589287 0.34953612 -0.22645877 0.0035499844 0.24591418 -0.13362199 0.255521 0.060583197 -0.2137055 0.15239021 -0.28886595 0.09765113 -0.42871848 -0.21398735 0.20395507 -0.015653655 0.50484 -0.051776048 0.52240866 -0.04071331 -0.2711273 0.17822897 -0.26582634 0.19926593 -0.46683788 0.044856045 -0.18824086 0.27867308 0.50670046
pasado -0.18356316 0.15203427 0.3734478 -0.25623956 -0.0010641366 0.27022207 -0.14348769 0.27785856 0.052644856 -0.22064497 0.16807745 -0.31392977 0.10636526 -0.46185678 -0.24048617 0.23108923 0.0021488545 0.51120883 -0.056780055 0.5482494 -0.05352128 -0.28938228 0.17965229 -0.26705304 0.21477266 -0.5000442 0.0685269 -0.19277728 0.28387716 0.5468138
recuperar -0.18701239 0.16699976 0.41941264 -0.2811414 -0.0066281045 0.27767956 -0.1487051 0.30532947 0.059495807 -0.25199988 0.16730686 -0.35801825 0.131518 -0.52863234 -0.25489756 0.25724885 -0.029918617 0.5952697 -0.06744801 0.6043016 -0.07029673 -0.3560728 0.21156518 -0.28714257 0.23331498 -0.53887707 0.062879086 -0.22390953 0.31775415 0.5986426
espera -0.15179892 0.16827929 0.35573444 -0.24428633 0.0023958415 0.23865479 -0.11886819 0.2670178 0.054819886 -0.2315498 0.16106005 -0.30307335 0.10695056 -0.43156263 -0.21851438 0.20815518 0.0028218657 0.50051767 -0.057011582 0.5341294 -0.052919604 -0.27319357 0.17190441 -0.24006723 0.22553845 -0.4776232 0.048401915 -0.18271075 0.25903466 0.5039855
comunicarme -0.14839058 0.14554048 0.3089851 -0.20163377 -0.0045525106 0.22323795 -0.11343729 0.2304989 0.042101644 -0.18266155 0.14005774 -0.2728436 0.096500486 -0.381214 -0.18962438 0.19220905 -0.024780208 0.43247122 -0.063035525 0.4381917 -0.035051085 -0.26692727 0.14586341 -0.23381147 0.18810953 -0.3951605 0.04030111 -0.16599397 0.24571672 0.45697948
registrado -0.15851387 0.16305032 0.36925152 -0.2618294 -0.014651117 0.25890842 -0.1283239 0.28945878 0.08299912 -0.23366025 0.16883859 -0.31508288 0.1138186 -0.48885837 -0.25089177 0.2407908 -0.01596034 0.5465046 -0.05424198 0.53491735 -0.04333463 -0.300215 0.19617055 -0.25565743 0.23888251 -0.50685215 0.07233325 -0.19408594 0.27831876 0.5291785
retirar -0.14698036 0.14451161 0.34670267 -0.20665517 -0.006592391 0.21761298 -0.12968627 0.24693362 0.056203723 -0.1984298 0.13376576 -0.30051845 0.10666154 -0.42621782 -0.23160528 0.22091454 -0.020213457 0.48759857 -0.06935704 0.50605875 -0.06191664 -0.26097322 0.18568273 -0.2314457 0.21087904 -0.43745366 0.05242017 -0.1796909 0.23933625 0.47784176
pasaron -0.18185958 0.15921769 0.379606 -0.25430354 0.0014517874 0.2794564 -0.13348506 0.25947124 0.07931923 -0.23746546 0.17149802 -0.31263772 0.11899231 -0.4752515 -0.22755946 0.24450599 -0.015359358 0.5569171 -0.07691255 0.56456655 -0.046909623 -0.31645766 0.2012746 -0.2824344 0.22396335 -0.5091694 0.04909193 -0.20196062 0.28429258 0.5489382
categoria -0.16771457 0.14808966 0.38690364 -0.25021917 -0.003160381 0.25492498 -0.15014684 0.2639571 0.06723418 -0.2228954 0.1726792 -0.30332077 0.11954303 -0.48359972 -0.22281976 0.24590501 -0.00790978 0.53859246 -0.065419964 0.5261254 -0.05973576 -0.28679305 0.18713273 -0.25134283 0.23686759 -0.49235293 0.065171845 -0.19804637 0.2723313 0.53454566
subcidio -0.20730668 0.18048108 0.4137563 -0.25845182 0.0033548393 0.308184 -0.15130895 0.30410406 0.08995735 -0.26777738 0.18961075 -0.36461467 0.1279597 -0.5398135 -0.28242466 0.267132 -0.017676076 0.59182453 -0.0774196 0.61885196 -0.046024587 -0.32871953 0.20332882 -0.29294458 0.23472661 -0.5593811 0.06888488 -0.20074643 0.32253987 0.5966245
minutos -0.17065969 0.17307931 0.3641527 -0.23049486 -0.00881944 0.24695851 -0.1264888 0.26113087 0.079655774 -0.24367382 0.16278677 -0.3284809 0.1302739 -0.46385923 -0.24672148 0.23299119 -0.016461385 0.52160156 -0.053226043 0.52278155 -0.056711946 -0.29647145 0.2013112 -0.27832642 0.20713072 -0.49261093 0.04887009 -0.19303502 0.26288345 0.5335024
contestan -0.18964204 0.16701896 0.38880643 -0.26191938 0.006229711 0.2940331 -0.13852897 0.28285316 0.07955146 -0.24057454 0.1810084 -0.33436215 0.14420944 -0.5141184 -0.25995907 0.23916861 -0.0043237 0.5617402 -0.08195507 0.57321984 -0.06769206 -0.32383272 0.21723771 -0.2846505 0.24042374 -0.519814 0.068598844 -0.20120059 0.2858049 0.5946841
compensar -0.1869168 0.17307426 0.4076998 -0.2728 -0.013067425 0.27944085 -0.15495765 0.27611902 0.08395977 -0.27114248 0.16916364 -0.34975034 0.12439278 -0.5165012 -0.27302 0.24919991 -0.019090103 0.5619932 -0.05202533 0.6019622 -0.07212795 -0.33115473 0.22109212 -0.30316272 0.23220715 -0.53961366 0.065523855 -0.21064171 0.3116432 0.57027996
acceder -0.15024294 0.13070989 0.30002362 -0.1979764 0.006608274 0.19714442 -0.09230498 0.20257895 0.06827519 -0.1846061 0.1285408 -0.24519801 0.094630346 -0.366887 -0.2030844 0.19317126 -0.004197798 0.42146358 -0.040463723 0.44128358 -0.028701829 -0.25081497 0.16702321 -0.21571101 0.17570032 -0.3965251 0.06346015 -0.14771585 0.20940232 0.41381416
generar -0.12724686 0.13879393 0.3100926 -0.17911096 0.008121012 0.20698707 -0.115479566 0.22579335 0.05046111 -0.1795347 0.11955162 -0.26677483 0.09709272 -0.36592582 -0.17936403 0.18400109 0.0042594858 0.4300768 -0.051256742 0.4462875 -0.028401136 -0.23977749 0.15313023 -0.22242308 0.17011337 -0.3870302 0.04490799 -0.15172072 0.2208252 0.4093351
llamar -0.15491992 0.15704201 0.34241295 -0.2173923 0.0064501935 0.22817247 -0.11655818 0.23748307 0.06013956 -0.20557576 0.13847704 -0.2938061 0.100673445 -0.4119165 -0.22509307 0.19259875 -0.024852624 0.479736 -0.050766174 0.4826147 -0.050840396 -0.26294446 0.183153 -0.23494332 0.18115386 -0.4518607 0.05812961 -0.15167889 0.23176527 0.48006213
solicite -0.14942835 0.15523073 0.3473041 -0.22913764 0.008365458 0.2549335 -0.13124698 0.25811738 0.07090956 -0.22597088 0.16272509 -0.29893553 0.11668431 -0.44774333 -0.20781858 0.21265098 -0.027367305 0.48954722 -0.05180763 0.503315 -0.058334623 -0.29003805 0.18924043 -0.2491203 0.19137369 -0.44443113 0.072562315 -0.17821565 0.26346955 0.47873214
resultado -0.16360046 0.17861432 0.40015548 -0.24464914 -0.016599312 0.28492266 -0.14051214 0.28479412 0.05971934 -0.24518394 0.15738449 -0.32573757 0.1340768 -0.48507074 -0.25212377 0.23566094 -0.029805161 0.55585206 -0.07261084 0.56468904 -0.03519227 -0.3093934 0.18870145 -0.2621335 0.23933002 -0.5186583 0.07146885 -0.19491835 0.28327903 0.5604416
tardesquisiera -0.1166471 0.12534598 0.26833338 -0.16642776 -0.00096771057 0.19936174 -0.090053394 0.18649481 0.04220054 -0.17931534 0.11472059 -0.24865513 0.10066548 -0.3422331 -0.17603609 0.18656814 -0.0007097377 0.3955312 -0.05242021 0.39050058 -0.04953552 -0.23565547 0.1474111 -0.18814735 0.17272791 -0.36786264 0.041988585 -0.1233355 0.19013505 0.40582216
consulta -0.16518317 0.13583969 0.33000463 -0.21770102 -0.0028247733 0.22924782 -0.11266295 0.23389526 0.053792987 -0.20359397 0.13203529 -0.28921327 0.11591029 -0.40830025 -0.22354048 0.21994062 -0.0123749515 0.48500258 -0.044048645 0.4739631 -0.05080458 -0.27361447 0.18337554 -0.23675725 0.18543668 -0.42921942 0.058507662 -0.17155091 0.26338664 0.46574378
domestica -0.15086415 0.1252834 0.31248134 -0.2270411 0.01001422 0.23981677 -0.12159063 0.22959757 0.06925531 -0.211867 0.14538342 -0.2621714 0.09114517 -0.39400947 -0.19603582 0.19849014 0.0010483244 0.46747214 -0.037534434 0.47115675 -0.046155974 -0.26373103 0.16085859 -0.2228554 0.20486633 -0.42981073 0.049163442 -0.16776928 0.2557124 0.4512539
bloqueada -0.16383575 0.16640294 0.37624475 -0.23419242 0.011157097 0.24241361 -0.13261354 0.25797772 0.052999347 -0.21243702 0.15285587 -0.31213918 0.10336348 -0.46421745 -0.2420032 0.23099074 -0.013477142 0.5117694 -0.070503086 0.51945186 -0.041226216 -0.29703087 0.19992225 -0.27410084 0.23082697 -0.46571776 0.07271071 -0.17866094 0.2797432 0.52834463
numeros -0.18073818 0.18847397 0.37706843 -0.2529729 -0.013027553 0.28751096 -0.13423277 0.282085 0.08312648 -0.24060164 0.16404124 -0.33733675 0.12471445 -0.4940588 -0.24726973 0.24069005 -0.013004451 0.5792962 -0.05526518 0.5768449 -0.039292093 -0.33444205 0.19031481 -0.27135867 0.24496631 -0.51518345 0.05645742 -0.19525728 0.29640794 0.57237476
comunicacion -0.13240601 0.13806611 0.30639654 -0.19989628 -0.0059913276 0.19963975 -0.122201845 0.2333964 0.041274328 -0.17633015 0.14634877 -0.26082715 0.087642394 -0.37339902 -0.19492075 0.19948824 -0.02294308 0.4362906 -0.065567516 0.45325804 -0.044506416 -0.2478455 0.16212471 -0.20211315 0.17930771 -0.38593107 0.04780559 -0.16014001 0.24245112 0.42930698
documentacion -0.11508698 0.12483712 0.27426934 -0.17452343 0.007612097 0.19933866 -0.103115894 0.20691624 0.06708127 -0.1876481 0.11289745 -0.24240607 0.08184192 -0.3473485 -0.19443512 0.19021478 -0.02379979 0.40017247 -0.05963159 0.4036135 -0.048342064 -0.2476496 0.13629214 -0.21526988 0.16407508 -0.38722348 0.036612473 -0.14198896 0.21445166 0.41586024
aparezco -0.13293691 0.14560036 0.3128306 -0.1966034 0.001394844 0.20774554 -0.12440607 0.2313267 0.05710421 -0.20570213 0.11681184 -0.25053674 0.0963429 -0.37852517 -0.20166281 0.19286895 -0.0254665 0.44630942 -0.058455665 0.44273338 -0.04185558 -0.24374804 0.14396173 -0.20807128 0.18982334 -0.39277825 0.06212828 -0.14899915 0.23678698 0.45499966
comunique -0.15553814 0.13538566 0.30745742 -0.19928871 0.0019630466 0.2080327 -0.1259316 0.24623127 0.06651442 -0.18897317 0.13861376 -0.28476867 0.09657888 -0.4014472 -0.19608538 0.21204965 -0.018188944 0.45642605 -0.052380208 0.4778834 -0.044248443 -0.26903322 0.15656234 -0.22849011 0.19863744 -0.4266424 0.067041926 -0.17101239 0.2437354 0.4547836
nadie -0.17986155 0.16591027 0.3802341 -0.24466099 0.0065851184 0.2568452 -0.14462143 0.25490168 0.08090152 -0.24630927 0.17006561 -0.32647184 0.10134157 -0.47135955 -0.23326254 0.23329045 -0.02326031 0.52084005 -0.06847811 0.55063826 -0.043215945 -0.3099054 0.18930627 -0.26297536 0.2151306 -0.4917003 0.07085693 -0.20004639 0.289448 0.53329486
laborando -0.12579533 0.14891888 0.3030597 -0.2125764 0.013486774 0.22213688 -0.11201855 0.22114411 0.05618432 -0.20285457 0.12522207 -0.24944642 0.10175068 -0.37190714 -0.19218229 0.1988816 -0.010504853 0.4251187 -0.064664826 0.45363572 -0.026522556 -0.24905258 0.1439126 -0.21422905 0.17701249 -0.4162539 0.03544672 -0.14417227 0.23107971 0.43575805
queremos -0.20445418 0.20178299 0.43688393 -0.27239388 -0.0044799424 0.30645227 -0.13639106 0.29882362 0.08373984 -0.25911054 0.18779898 -0.37005422 0.14019004 -0.5482438 -0.27941307 0.2861952 -0.004062868 0.62060386 -0.05417854 0.6137288 -0.07594582 -0.36914167 0.21754366 -0.31708336 0.25272098 -0.57246506 0.07071113 -0.21546437 0.31210542 0.6150222
inconveniente -0.15203375 0.14283513 0.33361313 -0.20411144 0.011911963 0.21428171 -0.105170205 0.22506152 0.050033063 -0.21228282 0.14481635 -0.26987073 0.09728704 -0.4089681 -0.22592495 0.20715646 -0.021850055 0.48267147 -0.062573925 0.48765773 -0.05336669 -0.26255175 0.16222842 -0.24129523 0.19379939 -0.43937355 0.055002067 -0.17134322 0.23281546 0.464981
comunicar -0.15233155 0.16417049 0.33368522 -0.22968379 -0.0040788543 0.24589781 -0.13072573 0.2644446 0.05678518 -0.21581219 0.16659614 -0.2922828 0.114119954 -0.43742606 -0.22759894 0.20344907 -0.01998771 0.4867754 -0.06773164 0.4973037 -0.050961163 -0.29530317 0.19258864 -0.24730079 0.20387542 -0.44930828 0.061169483 -0.18751256 0.2718002 0.5164515
presentar -0.15692179 0.1584846 0.32336795 -0.20774809 0.008758074 0.23424518 -0.1053766 0.22828746 0.07217014 -0.20563668 0.1351036 -0.29777488 0.0961693 -0.41343617 -0.22385128 0.1937891 -0.0071570715 0.47917777 -0.05955066 0.48302203 -0.05568321 -0.2834456 0.17089191 -0.25670645 0.19507186 -0.4478422 0.053889915 -0.1805741 0.25195372 0.4883085
digito -0.16555163 0.1726887 0.38424048 -0.2519137 -0.015570791 0.24552591 -0.12771928 0.25457466 0.077575155 -0.24662142 0.15126158 -0.31661674 0.118633084 -0.48689175 -0.2239336 0.24123465 -0.005282775 0.5413739 -0.06192566 0.5440796 -0.03821173 -0.29809773 0.2059471 -0.27085844 0.23522058 -0.4965341 0.066920534 -0.19378737 0.26678112 0.549303
activar -0.15883332 0.15535225 0.36636716 -0.24811222 0.0012381239 0.25335726 -0.12278445 0.24558252 0.06722799 -0.2416308 0.15582004 -0.29708907 0.10625604 -0.46763104 -0.23674576 0.20865232 -0.0005279285 0.51053053 -0.06007207 0.5114417 -0.034464367 -0.2898165 0.18623577 -0.24514379 0.21710734 -0.48869658 0.060026642 -0.16864759 0.27050662 0.53096664
inquietud -0.16000614 0.16683964 0.34448692 -0.22405742 0.0058777826 0.22775966 -0.13466293 0.2578518 0.077843904 -0.22103086 0.13330793 -0.29154485 0.11536719 -0.44689423 -0.20111348 0.22738986 -0.022970997 0.5051008 -0.044386216 0.4938805 -0.0535296 -0.26432267 0.1764501 -0.24344388 0.19617039 -0.4486261 0.07142297 -0.159414 0.27197388 0.4902427
afiliacionla -0.16829842 0.1514901 0.32295537 -0.23036273 -0.011927073 0.2388151 -0.11056747 0.24663858 0.06342732 -0.20807673 0.14003436 -0.2836516 0.10174056 -0.42204222 -0.21862194 0.22159882 -0.011004396 0.48682478 -0.045415428 0.48953915 -0.054780632 -0.27898455 0.17296785 -0.25020838 0.20052408 -0.44667605 0.051694024 -0.17481847 0.26756504 0.48843265
activos -0.15272728 0.14444765 0.34332222 -0.20952408 0.0031448863 0.22455958 -0.10248108 0.24635884 0.06716718 -0.21877384 0.13913698 -0.26918164 0.122561134 -0.42906553 -0.2163893 0.21717738 -0.011236757 0.46234447 -0.06105929 0.49120468 -0.05390642 -0.28302124 0.17711161 -0.24800478 0.18680985 -0.44336355 0.062031824 -0.16418803 0.25721145 0.49040073
laboratorio -0.18417434 0.17901178 0.40928346 -0.28423795 -0.0052128807 0.29893655 -0.1640313 0.29246736 0.07571296 -0.28059268 0.1796646 -0.37966716 0.1276037 -0.54076034 -0.26761562 0.2650214 -0.024551233 0.5992981 -0.05689587 0.6164335 -0.05735216 -0.3332034 0.20712882 -0.28829816 0.24537861 -0.5557678 0.061982304 -0.20884909 0.33419946 0.5998816
contrato -0.18083316 0.15369436 0.34910202 -0.25170675 0.004216107 0.25907126 -0.1466632 0.25566435 0.06432589 -0.24397144 0.15679063 -0.31943855 0.13043864 -0.45461103 -0.23178977 0.22681296 -0.0072087087 0.5315153 -0.05705181 0.5321539 -0.056777995 -0.2935401 0.17652616 -0.2565127 0.22829616 -0.47247803 0.059556834 -0.18801197 0.2873765 0.53579867
tardeslaura -0.15153532 0.124654144 0.30998427 -0.20663743 0.0115638 0.2235012 -0.10495392 0.21162558 0.05897383 -0.17956536 0.11462875 -0.25138646 0.10278707 -0.36989412 -0.17451578 0.18648925 0.0026644522 0.44075552 -0.056639597 0.44743997 -0.02725505 -0.2521531 0.13940303 -0.21156932 0.18659763 -0.3940507 0.03668512 -0.15166286 0.21152955 0.44600645
problema -0.15539984 0.12911916 0.31321907 -0.20739138 -0.012254453 0.20804788 -0.113601625 0.20392312 0.05919632 -0.20012909 0.11844177 -0.2756805 0.11372491 -0.37655053 -0.18900731 0.19406435 -0.025502801 0.44005808 -0.037963547 0.4429931 -0.045687374 -0.23781441 0.16503493 -0.22468287 0.18265875 -0.39329752 0.050377756 -0.15654483 0.24245112 0.4435928
